%% color palate for paper.5: detailed flagellar flow around Chlamy
c1_red    = [255 89  94 ]/255;
c2_yellow = [255 202 58 ]/255;
c3_green  = [138 201 38 ]/255;
c4_blue   = [25  130 196]/255;
c5_purple = [106 76  147]/255;
