lightblue    = [0.2,0.7,0.9];
lightred     = [1,0.6,0.8];     lightpurple  = [0.8,0.6,1];
lightgreen   = [0.3,0.85,0.7];
KeKeZong     = [101,43,28]/255;

%% Red-Purple
AnZiYuanHong = [130,32,43]/255;
ZaoHong      = [137,48,63]/255;
YangHong     = [220,20,60]/255;
ZiWeiHua     = [238,165,209]/255;
MeiHong      = [1.0,0.2,0.8];
MeiHong_Dim  = [255,146,215]/255;
PinHong      = [1,0.4,0.4];
MuDanFenHong = [238,162,164]/255;
FengYeHong   = [194,31,48]/255;
QianNiuZi    = [104,23,82]/255;
DanQingZi    = [224,200,209]/255;
JieGengZi    = [129,60,133]/255;

%% Blue-Green
ShaQing      = [43,94,125]/255;
BaoLan       = [31,54,150]/255;
BaoLan_Dim   = [0.4000 0.4390 0.5880];
KongQueLan   = [14,176,201]/255;
QingShuiLan  = [147,213,220]/255;
YingWuLv     = [91,174,35]/255;
SanLv        = [144,202,175]/255;
CuiLv        = [32,161,98]/255;


%% Yellow
CangHuang    = [198,83,6]/255;
orange       = [1,0.6,0.2];
Cheng        = [255,92,53]/255;
Cheng_Dim    = [191,69,40]/255;
lightorange  = [1,0.8,0.2]; 
TuHuang      = [206,147,53]/255;
NingMengHuang= [252,211,55]/255;
JiDanHuang   = [251,182,18]/255;
GuHuang      = [232,176,4]/255;